323
993
935
420
508
526
356
328
31
891
799
965
6
213
852
212
924
660
186
331
412
915
558
458
266
761
642
412
897
502
859
390
147
150
194
673
336
803
859
240
7
545
22
604
764
821
344
728
734
199
191
828
508
507
89
824
383
768
964
540
35
894
496
230
628
273
628
54
438
605
781
827
858
671
572
356
807
842
994
800
166
47
739
742
335
391
384
581
510
520
178
576
879
804
968
41
796
7
334
939
955
508
853
878
817
976
69
550
802
48
597
367
542
239
506
958
225
238
138
158
601
413
832
551
445
996
663
686
462
221
669
356
734
405
275
514
365
586
691
625
16
254
489
366
514
605
467
121
303
532
287
550
804
728
124
290
133
916
729
610
744
434
343
534
470
806
986
480
359
577
983
727
606
912
573
652
169
331
315
944
734
699
293
397
346
645
195
852
436
504
215
55
115
667
419
737
780
304
905
947
544
369
28
729
8
412
692
38
219
362
580
233
897
205
281
529
452
613
730
619
874
31
688
388
258
260
496
750
117
642
883
567
931
659
411
677
755
125
722
581
685
104
819
639
798
772
504
551
840
261
474
208
600
224
774
493
209
783
398
947
769
351
230
880
834
783
257
60
558
510
644
127
52
678
183
690
696
693
688
476
126
404
193
302
965
926
145
224
976
69
761
284
903
543
84
796
497
472
192
383
253
905
370
947
399
663
371
442
492
737
822
589
165
413
398
373
429
351
116
766
891
518
667
324
180
720
621
82
223
894
642
414
566
270
985
469
410
888
939
630
837
989
874
458
356
674
247
395
899
742
196
109
5
318
67
163
722
146
409
125
376
974
116
880
880
57
20
441
752
625
301
220
216
691
38
328
311
723
472
743
838
170
901
561
644
831
946
394
862
130
46
45
789
943
914
561
128
268
580
862
94
105
355
125
499
172
214
227
164
633
86
117
779
912
830
48
21
340
570
991
440
420
616
341
827
937
709
652
683
405
758
647
59
720
509
82
325
91
625
196
132
440
367
82
484
229
409
349
835
491
485
208
916
57
465
15
43
234
535
291
66
8
801
760
211
242
515
788
378
465
471
56
874
708
57
292
69
585
59
402
694
689
137
113
332
966
652
302
639
947
69
890
529
945
103
658
734
619
499
660